0 52 57 52 50 36 37 65 64 67 96 94 83 126 81 113
52 0 37 77 91 86 37 112 65 27 146 79 126 82 88 161
57 37 0 51 73 77 65 97 30 64 132 44 107 114 52 145
52 77 51 0 27 43 84 50 30 102 84 63 56 159 34 95
50 91 73 27 0 23 87 24 57 112 50 90 35 171 59 72 
36 86 77 43 23 0 72 29 69 103 60 103 48 162 77 77
37 37 65 84 87 72 0 101 85 36 131 108 120 92 106 149
65 112 97 50 24 29 101 0 81 131 35 113 20 190 81 50
64 65 30 30 57 69 85 81 0 92 114 34 86 144 23 125
67 27 64 102 112 103 36 131 92 0 163 104 147 59 115 180
96 146 132 84 59 60 131 35 114 163 0 146 32 222 111 18
94 79 44 63 90 103 108 113 34 104 146 0 115 146 37 155
83 126 107 56 35 48 120 20 86 147 32 115 0 206 80 39
126 82 114 159 171 162 92 190 144 59 222 146 206 0 166 239
81 88 52 34 59 77 106 81 23 115 111 37 80 166 0 119
113 161 145 95 72 77 149 50 125 180 18 155 39 239 119 0